27.15
28.13
28.13
27.64
28.13
27.64
27.64
27.15
27.64
27.64
27.64
27.64
27.64
27.15
27.64
27.64
28.13
27.15
26.66
27.64
27.64
27.64
27.64
27.64
27.64
27.64
27.64
27.64
27.64
27.64
27.64
27.64
27.64
27.15
27.15
28.13
27.64
27.64
27.64
27.64
27.64
27.64
27.64
27.64
27.64
27.64
27.64
27.64
27.64
27.64
27.64
27.64
27.64
27.15
27.64
27.64
27.64
27.64
27.15
27.64
27.64
28.61
27.64
26.66
27.64
27.15
27.64
27.64
27.64
27.64
27.15
27.15
27.15
27.64
27.64
27.64
27.64
27.64
27.64
27.64
27.64
29.10
27.64
27.64
27.64
27.64
27.64
27.64
27.64
27.64
27.64
27.64
27.64
27.64
27.64
28.13
27.64
27.64
27.64
27.64
27.64
27.64
27.64
27.64
27.64
27.64
28.13
27.64
28.13
28.61
27.64
27.64
27.64
28.13
27.64
27.64
27.64
27.64
27.64
27.64
27.64
27.64
27.64
27.64
28.13
27.64
27.64
27.64
27.15
28.13
27.64
27.64
27.15
27.64
27.64
27.64
27.64
27.64
27.64
27.64
27.64
27.64
27.64
27.64
27.15
27.64
27.64
27.64
27.64
27.64
27.64
27.64
27.15
27.64
27.64
27.64
27.64
27.64
27.64
27.64
27.64
28.13
27.64
27.64
27.64
27.64
27.64
28.13
27.64
27.64
27.64
28.13
27.64
27.64
27.15
27.64
28.13
27.64
27.64
27.64
27.15
27.64
27.15
27.15
27.64
27.64
27.64
28.13
27.64
27.64
27.64
27.15
27.15
27.15
27.64
27.64
27.64
27.64
27.64
27.64
27.64
27.64
28.13
28.13
27.64
27.64
27.64
27.64
27.64
27.64
27.64
27.64
27.64
27.64
29.10
27.15
27.64
27.64
27.15
27.64
28.13
27.64
27.64
27.64
27.64
